1.143001882800000000e+10
5.057521283000000000e+09
5.936493545000000000e+09
2.381587991000000000e+09
7.797579014000000000e+09
1.264730834000000000e+09
1.153072179900000000e+10
1.142327908000000000e+09
1.141548334700000000e+10
1.566762307000000000e+09
1.141161197000000000e+09
2.975038476000000000e+09
6.409881238000000000e+09
2.592940850000000000e+09
3.186525060000000000e+09
2.941500665000000000e+09
3.811212861000000000e+09
6.522023701000000000e+09
1.163073201500000000e+10
1.180820629300000000e+10
8.880482498000000000e+09
5.928776651000000000e+09
5.092484168000000000e+09
4.141018822000000000e+09
5.944858583000000000e+09
4.976035658000000000e+09
5.418442184000000000e+09
1.070755545900000000e+10
3.042321334000000000e+09
1.615792895000000000e+09
4.770677788000000000e+09
2.087206193000000000e+09
2.726287390000000000e+08
1.128722378500000000e+10
1.030902186500000000e+10
3.478361649000000000e+09
1.497427352000000000e+09
3.567138289000000000e+09
1.154033181000000000e+09
5.300042635000000000e+09
2.484463156000000000e+09
1.125105749000000000e+09
9.902691322000000000e+09
6.438128751000000000e+09
1.659178087000000000e+09
3.236813273000000000e+09
2.508442701000000000e+09
2.576640651000000000e+09
6.617755716000000000e+09
5.982186200000000000e+08
1.414591179000000000e+09
1.132080440000000000e+09
4.488353302000000000e+09
1.172911589000000000e+09
4.181064119000000000e+09
1.129874581700000000e+10
1.000746145000000000e+09
2.776119980000000000e+09
5.217350902000000000e+09
1.141776599000000000e+09
2.278426096000000000e+09
5.423546929000000000e+09
8.238462439000000000e+09
2.511951160000000000e+09
2.923941214000000000e+09
3.373324963000000000e+09
1.142328162000000000e+09
3.009464622000000000e+09
9.332361944000000000e+09
3.427040667000000000e+09
2.558571290000000000e+08
2.617172756000000000e+09
2.606441713000000000e+09
3.026652661000000000e+09
7.510981597000000000e+09
3.441398562000000000e+09
2.497061584000000000e+09
4.534120509000000000e+09
5.345122662000000000e+09
3.001926361000000000e+09
7.872750455000000000e+09
2.934442107000000000e+09
1.396043614000000000e+09
6.516564629000000000e+09
1.161511491400000000e+10
3.646206140000000000e+09
1.116593231300000000e+10
9.349378481000000000e+09
2.625813310000000000e+09
3.717482917000000000e+09
4.864407134000000000e+09
4.793744220000000000e+09
4.797361310000000000e+09
4.822958512000000000e+09
2.659136349000000000e+09
5.475963294000000000e+09
3.717482882000000000e+09
5.651438438000000000e+09
7.232179557000000000e+09
3.856985341000000000e+09
7.149419061000000000e+09
7.359715933000000000e+09
1.550997481000000000e+09
9.681706590000000000e+08
3.477434470000000000e+09
3.029452310000000000e+08
3.904653485000000000e+09
6.384348116000000000e+09
9.697945434000000000e+09
4.187602461000000000e+09
1.001742072100000000e+10
6.519042048000000000e+09
4.194823775000000000e+09
4.597160243000000000e+09
3.392847974000000000e+09
2.731049150000000000e+08
6.854671342000000000e+09
5.092484163000000000e+09
4.918148286000000000e+09
4.086470232000000000e+09
1.092646738700000000e+10
7.046430209000000000e+09
6.223634483000000000e+09
3.042321385000000000e+09
6.698116216000000000e+09
8.702106296000000000e+09
3.763532935000000000e+09
5.256811165000000000e+09
2.534697700000000000e+08
1.153422340600000000e+10
2.203001673000000000e+09
5.304829961000000000e+09
5.701696283000000000e+09
4.034877449000000000e+09
5.257627122000000000e+09
1.650913304000000000e+09
5.217350889000000000e+09
4.427593292000000000e+09
6.644719254000000000e+09
1.469852581000000000e+09
3.765208481000000000e+09
6.064244869000000000e+09
2.361369154000000000e+09
6.286285513000000000e+09
3.910810501000000000e+09
4.930494487000000000e+09
4.837009250000000000e+09
1.021947037800000000e+10
4.634780766000000000e+09
1.707916841000000000e+09
